开始递推
t=1
delta_1[1]:0.100000,Psi_1[1]:0.0
delta_1[2]:0.160000,Psi_1[2]:0.0
delta_1[3]:0.280000,Psi_1[3]:0.0
t=2
delta_2[1]:0.028000,Psi_2[1]:3.0
delta_2[2]:0.050400,Psi_2[2]:3.0
delta_2[3]:0.042000,Psi_2[3]:3.0
t=3
delta_3[1]:0.007560,Psi_3[1]:2.0
delta_3[2]:0.010080,Psi_3[2]:2.0
delta_3[3]:0.014700,Psi_3[3]:3.0
t=4
delta_4[1]:0.001890,Psi_4[1]:1.0
delta_4[2]:0.003024,Psi_4[2]:2.0
delta_4[3]:0.002205,Psi_4[3]:3.0
终止
开始回溯
结束
最优序列为：[3 2 2 2]